27888765.0000 Rectangle(5267.0000,5295.0000)
123268857.4974 Circle(6264.0000)
26245978.0000 Rectangle(9746.0000,2693.0000)
14939640.0000 Rectangle(5724.0000,2610.0000)
19040480.0000 Rectangle(8068.0000,2360.0000)
235660041.5379 Circle(8661.0000)
23072835.0000 Rectangle(9145.0000,2523.0000)
34462500.0000 Rectangle(9375.0000,3676.0000)
19005435.0000 Rectangle(2505.0000,7587.0000)
47595144.0000 Rectangle(7048.0000,6753.0000)
1115943.9760 Circle(596.0000)
13175430.0000 Rectangle(5645.0000,2334.0000)
50608800.0000 Rectangle(5680.0000,8910.0000)
78575616.0000 Rectangle(8064.0000,9744.0000)
6066510.0000 Rectangle(5505.0000,1102.0000)
7882431.8970 Circle(1584.0000)
296091.9660 Circle(307.0000)
4371978.0000 Rectangle(1794.0000,2437.0000)
56727606.0000 Rectangle(9129.0000,6214.0000)
14971225.2332 Circle(2183.0000)
141195.7402 Circle(212.0000)
2957423.0000 Rectangle(1559.0000,1897.0000)
1240510.0000 Rectangle(6529.0000,190.0000)
137761615.0278 Circle(6622.0000)
17659593.0000 Rectangle(4683.0000,3771.0000)
18547555.0000 Rectangle(5629.0000,3295.0000)
67929087.1522 Circle(4650.0000)
36723838.9613 Circle(3419.0000)
10092492.0000 Rectangle(4063.0000,2484.0000)
262447393.6438 Circle(9140.0000)
193050620.3773 Circle(7839.0000)
117090378.3318 Circle(6105.0000)
77787643.6603 Circle(4976.0000)
3339390.4687 Circle(1031.0000)
24043500.0000 Rectangle(3900.0000,6165.0000)
50247015.0000 Rectangle(8515.0000,5901.0000)
184286707.8471 Circle(7659.0000)
27846544.0000 Rectangle(7667.0000,3632.0000)
8213400.0000 Rectangle(2106.0000,3900.0000)
363168.1108 Circle(340.0000)
20434952.0000 Rectangle(8122.0000,2516.0000)
33654402.4078 Circle(3273.0000)
53268579.0000 Rectangle(7077.0000,7527.0000)
16590135.0514 Circle(2298.0000)
54917430.3368 Circle(4181.0000)
84589647.2862 Circle(5189.0000)
188740606.5840 Circle(7751.0000)
20242855.0000 Rectangle(6005.0000,3371.0000)
2038625.0000 Rectangle(1175.0000,1735.0000)
9516034.0000 Rectangle(5806.0000,1639.0000)
2990265.0000 Rectangle(641.0000,4665.0000)
25237108.0000 Rectangle(6253.0000,4036.0000)
21802610.0000 Rectangle(6635.0000,3286.0000)
