price,signals,cash,positions,wealth
30.44,1,969.56,30.44,1000.0
30.43,0,969.56,30.43,999.9899999999999
30.43,1,939.13,60.86,999.99
30.41,1,908.72,91.23,999.95
30.41,1,878.3100000000001,121.64,999.95
30.41,0,878.3100000000001,121.64,999.95
30.41,1,847.9000000000001,152.05,999.95
30.39,1,817.5100000000001,182.34,999.8500000000001
30.41,1,787.1000000000001,212.87,999.9700000000001
30.41,-1,817.5100000000001,182.46,999.9700000000001
30.41,0,817.5100000000001,182.46,999.9700000000001
30.41,1,787.1000000000001,212.87,999.9700000000001
30.41,1,756.6900000000002,243.28,999.9700000000001
30.41,1,726.2800000000002,273.69,999.9700000000003
30.39,1,695.8900000000002,303.9,999.7900000000002
30.39,1,665.5000000000002,334.29,999.7900000000002
30.39,1,635.1100000000002,364.68,999.7900000000002
30.39,1,604.7200000000003,395.07,999.7900000000002
30.37,1,574.3500000000003,425.18,999.5300000000002
30.37,1,543.9800000000002,455.55,999.5300000000002
30.37,-1,574.3500000000003,425.18,999.5300000000002
30.37,-1,604.7200000000003,394.81,999.5300000000002
30.37,1,574.3500000000003,425.18,999.5300000000002
30.37,1,543.9800000000002,455.55,999.5300000000002
30.37,1,513.6100000000002,485.92,999.5300000000002
30.38,1,483.23000000000025,516.46,999.6900000000003
30.37,1,452.86000000000024,546.66,999.5200000000002
30.37,1,422.49000000000024,577.03,999.5200000000002
30.36,1,392.1300000000002,607.2,999.3300000000003
30.36,1,361.7700000000002,637.56,999.3300000000002
30.38,-1,392.1500000000002,607.6,999.7500000000002
30.38,-1,422.5300000000002,577.22,999.7500000000002
30.39,-1,452.9200000000002,547.02,999.9400000000002
30.4,1,422.5200000000002,577.6,1000.1200000000002
30.39,1,392.1300000000002,607.8,999.9300000000002
30.39,1,361.74000000000024,638.19,999.9300000000003
30.41,1,331.3300000000002,669.02,1000.3500000000001
30.43,1,300.9000000000002,699.89,1000.7900000000002
30.43,1,270.4700000000002,730.3199999999999,1000.7900000000002
30.43,1,240.0400000000002,760.75,1000.7900000000002
30.43,1,209.61000000000018,791.18,1000.7900000000002
30.41,1,179.2000000000002,821.07,1000.2700000000002
30.41,1,148.7900000000002,851.48,1000.2700000000002
30.41,0,148.7900000000002,851.48,1000.2700000000002
30.39,0,148.7900000000002,850.9200000000001,999.7100000000003
30.39,1,118.40000000000019,881.3100000000001,999.7100000000003
30.39,-1,148.7900000000002,850.9200000000001,999.7100000000003
30.41,-1,179.2000000000002,821.07,1000.2700000000002
30.41,-1,209.61000000000018,790.66,1000.2700000000002
30.41,0,209.61000000000018,790.66,1000.2700000000002
30.41,-1,240.02000000000018,760.25,1000.2700000000002
30.39,-1,270.4100000000002,729.36,999.7700000000002
30.39,0,270.4100000000002,729.36,999.7700000000002
30.38,0,270.4100000000002,729.12,999.5300000000002
30.39,1,240.0200000000002,759.75,999.7700000000002
30.39,1,209.63000000000022,790.14,999.7700000000002
30.39,1,179.24000000000024,820.53,999.7700000000002
30.38,1,148.86000000000024,850.64,999.5000000000002
30.39,1,118.47000000000024,881.3100000000001,999.7800000000003
30.39,1,88.08000000000024,911.7,999.7800000000003
30.39,1,57.69000000000024,942.09,999.7800000000003
30.37,-1,88.06000000000024,911.1,999.1600000000003
30.37,-1,118.43000000000025,880.73,999.1600000000003
30.38,-1,148.81000000000026,850.64,999.4500000000003
30.37,1,118.44000000000025,880.73,999.1700000000003
30.37,-1,148.81000000000026,850.36,999.1700000000003
30.36,-1,179.17000000000024,819.72,998.8900000000003
30.36,-1,209.53000000000026,789.36,998.8900000000003
30.37,0,209.53000000000026,789.62,999.1500000000003
30.38,0,209.53000000000026,789.88,999.4100000000003
30.39,0,209.53000000000026,790.14,999.6700000000003
30.39,1,179.14000000000027,820.53,999.6700000000003
30.39,1,148.75000000000028,850.9200000000001,999.6700000000003
30.39,1,118.36000000000028,881.3100000000001,999.6700000000003
30.39,1,87.97000000000028,911.7,999.6700000000003
30.39,1,57.58000000000028,942.09,999.6700000000003
30.41,1,27.170000000000282,973.12,1000.2900000000003
30.39,0,27.170000000000282,972.48,999.6500000000003
30.38,0,27.170000000000282,972.16,999.3300000000003
30.39,0,27.170000000000282,972.48,999.6500000000003
30.39,0,27.170000000000282,972.48,999.6500000000003
30.39,0,27.170000000000282,972.48,999.6500000000003
30.38,0,27.170000000000282,972.16,999.3300000000003
30.39,-1,57.56000000000029,942.09,999.6500000000003
30.38,-1,87.94000000000028,911.4,999.3400000000003
30.38,1,57.56000000000029,941.78,999.3400000000003
30.38,1,27.180000000000287,972.16,999.3400000000003
30.38,0,27.180000000000287,972.16,999.3400000000003
30.38,0,27.180000000000287,972.16,999.3400000000003
30.38,0,27.180000000000287,972.16,999.3400000000003
30.38,0,27.180000000000287,972.16,999.3400000000003
30.38,0,27.180000000000287,972.16,999.3400000000003
30.37,0,27.180000000000287,971.84,999.0200000000003
30.39,0,27.180000000000287,972.48,999.6600000000003
30.38,0,27.180000000000287,972.16,999.3400000000003
30.37,0,27.180000000000287,971.84,999.0200000000003
30.36,0,27.180000000000287,971.52,998.7000000000003
30.39,0,27.180000000000287,972.48,999.6600000000003
30.37,0,27.180000000000287,971.84,999.0200000000003
30.37,0,27.180000000000287,971.84,999.0200000000003
30.38,0,27.180000000000287,972.16,999.3400000000003
30.38,0,27.180000000000287,972.16,999.3400000000003
30.38,0,27.180000000000287,972.16,999.3400000000003
30.38,0,27.180000000000287,972.16,999.3400000000003
30.39,0,27.180000000000287,972.48,999.6600000000003
30.39,0,27.180000000000287,972.48,999.6600000000003
30.37,0,27.180000000000287,971.84,999.0200000000003
30.36,0,27.180000000000287,971.52,998.7000000000003
30.37,-1,57.55000000000029,941.47,999.0200000000003
30.37,1,27.180000000000287,971.84,999.0200000000003
30.37,0,27.180000000000287,971.84,999.0200000000003
30.34,0,27.180000000000287,970.88,998.0600000000003
30.36,0,27.180000000000287,971.52,998.7000000000003
30.36,0,27.180000000000287,971.52,998.7000000000003
30.36,0,27.180000000000287,971.52,998.7000000000003
30.36,0,27.180000000000287,971.52,998.7000000000003
30.36,0,27.180000000000287,971.52,998.7000000000003
30.34,0,27.180000000000287,970.88,998.0600000000003
30.34,0,27.180000000000287,970.88,998.0600000000003
30.34,0,27.180000000000287,970.88,998.0600000000003
30.34,0,27.180000000000287,970.88,998.0600000000003
30.34,0,27.180000000000287,970.88,998.0600000000003
30.34,-1,57.52000000000029,940.54,998.0600000000003
30.34,-1,87.86000000000028,910.2,998.0600000000003
30.34,-1,118.20000000000029,879.86,998.0600000000003
30.34,1,87.86000000000028,910.2,998.0600000000003
30.34,1,57.52000000000028,940.54,998.0600000000003
30.34,1,27.18000000000028,970.88,998.0600000000003
30.34,0,27.18000000000028,970.88,998.0600000000003
30.34,0,27.18000000000028,970.88,998.0600000000003
30.32,0,27.18000000000028,970.24,997.4200000000003
30.32,0,27.18000000000028,970.24,997.4200000000003
30.32,0,27.18000000000028,970.24,997.4200000000003
30.32,0,27.18000000000028,970.24,997.4200000000003
30.34,0,27.18000000000028,970.88,998.0600000000003
30.34,0,27.18000000000028,970.88,998.0600000000003
30.32,0,27.18000000000028,970.24,997.4200000000003
30.32,0,27.18000000000028,970.24,997.4200000000003
30.32,0,27.18000000000028,970.24,997.4200000000003
30.29,0,27.18000000000028,969.28,996.4600000000003
30.32,-1,57.500000000000284,939.92,997.4200000000003
30.29,-1,87.79000000000028,908.6999999999999,996.4900000000002
30.29,0,87.79000000000028,908.6999999999999,996.4900000000002
30.3,-1,118.09000000000027,878.7,996.7900000000003
30.3,-1,148.39000000000027,848.4,996.7900000000002
30.3,-1,178.69000000000028,818.1,996.7900000000003
30.3,-1,208.9900000000003,787.8000000000001,996.7900000000004
30.3,-1,239.2900000000003,757.5,996.7900000000003
30.32,-1,269.6100000000003,727.6800000000001,997.2900000000004
30.3,-1,299.9100000000003,696.9,996.8100000000003
30.3,-1,330.2100000000003,666.6,996.8100000000004
30.3,-1,360.51000000000033,636.3000000000001,996.8100000000004
30.3,1,330.2100000000003,666.6,996.8100000000004
30.3,1,299.9100000000003,696.9,996.8100000000003
30.3,1,269.6100000000003,727.2,996.8100000000004
30.3,1,239.3100000000003,757.5,996.8100000000003
30.3,1,209.01000000000028,787.8000000000001,996.8100000000004
30.3,1,178.71000000000026,818.1,996.8100000000003
30.32,1,148.39000000000027,848.96,997.3500000000004
30.33,-1,178.72000000000025,818.91,997.6300000000002
30.32,1,148.40000000000026,848.96,997.3600000000004
30.32,1,118.08000000000027,879.28,997.3600000000002
30.34,1,87.74000000000026,910.2,997.9400000000003
30.34,0,87.74000000000026,910.2,997.9400000000003
30.32,1,57.420000000000265,939.92,997.3400000000003
30.32,1,27.100000000000264,970.24,997.3400000000003
30.32,0,27.100000000000264,970.24,997.3400000000003
30.32,0,27.100000000000264,970.24,997.3400000000003
30.32,0,27.100000000000264,970.24,997.3400000000003
30.32,0,27.100000000000264,970.24,997.3400000000003
30.32,0,27.100000000000264,970.24,997.3400000000003
30.33,0,27.100000000000264,970.56,997.6600000000002
30.32,0,27.100000000000264,970.24,997.3400000000003
30.32,0,27.100000000000264,970.24,997.3400000000003
30.32,0,27.100000000000264,970.24,997.3400000000003
30.32,0,27.100000000000264,970.24,997.3400000000003
30.32,0,27.100000000000264,970.24,997.3400000000003
30.32,0,27.100000000000264,970.24,997.3400000000003
30.32,0,27.100000000000264,970.24,997.3400000000003
30.34,0,27.100000000000264,970.88,997.9800000000002
30.34,0,27.100000000000264,970.88,997.9800000000002
30.32,0,27.100000000000264,970.24,997.3400000000003
30.34,0,27.100000000000264,970.88,997.9800000000002
30.34,0,27.100000000000264,970.88,997.9800000000002
30.33,0,27.100000000000264,970.56,997.6600000000002
30.3,0,27.100000000000264,969.6,996.7000000000003
30.3,0,27.100000000000264,969.6,996.7000000000003
30.32,0,27.100000000000264,970.24,997.3400000000003
30.32,-1,57.420000000000265,939.92,997.3400000000003
30.32,0,57.420000000000265,939.92,997.3400000000003
30.32,1,27.100000000000264,970.24,997.3400000000003
30.32,0,27.100000000000264,970.24,997.3400000000003
30.3,0,27.100000000000264,969.6,996.7000000000003
30.33,0,27.100000000000264,970.56,997.6600000000002
30.34,0,27.100000000000264,970.88,997.9800000000002
30.34,0,27.100000000000264,970.88,997.9800000000002
30.32,0,27.100000000000264,970.24,997.3400000000003
30.32,0,27.100000000000264,970.24,997.3400000000003
30.32,0,27.100000000000264,970.24,997.3400000000003
30.32,0,27.100000000000264,970.24,997.3400000000003
30.32,0,27.100000000000264,970.24,997.3400000000003
30.32,0,27.100000000000264,970.24,997.3400000000003
30.32,0,27.100000000000264,970.24,997.3400000000003
30.32,0,27.100000000000264,970.24,997.3400000000003
30.3,0,27.100000000000264,969.6,996.7000000000003
30.3,-1,57.40000000000026,939.3000000000001,996.7000000000003
30.3,1,27.10000000000026,969.6,996.7000000000003
30.3,0,27.10000000000026,969.6,996.7000000000003
30.29,0,27.10000000000026,969.28,996.3800000000002
30.3,0,27.10000000000026,969.6,996.7000000000003
30.3,0,27.10000000000026,969.6,996.7000000000003
30.3,0,27.10000000000026,969.6,996.7000000000003
30.3,0,27.10000000000026,969.6,996.7000000000003
30.32,-1,57.42000000000026,939.92,997.3400000000003
30.3,1,27.120000000000257,969.6,996.7200000000003
30.32,0,27.120000000000257,970.24,997.3600000000002
30.32,0,27.120000000000257,970.24,997.3600000000002
30.32,0,27.120000000000257,970.24,997.3600000000002
30.3,0,27.120000000000257,969.6,996.7200000000003
30.32,0,27.120000000000257,970.24,997.3600000000002
30.32,0,27.120000000000257,970.24,997.3600000000002
30.32,0,27.120000000000257,970.24,997.3600000000002
30.32,0,27.120000000000257,970.24,997.3600000000002
30.32,0,27.120000000000257,970.24,997.3600000000002
30.32,0,27.120000000000257,970.24,997.3600000000002
30.32,0,27.120000000000257,970.24,997.3600000000002
30.32,0,27.120000000000257,970.24,997.3600000000002
30.32,0,27.120000000000257,970.24,997.3600000000002
30.29,-1,57.41000000000025,938.99,996.4000000000003
30.29,-1,87.70000000000024,908.6999999999999,996.4000000000002
30.28,-1,117.98000000000025,878.12,996.1000000000003
30.25,-1,148.23000000000025,847.0,995.2300000000002
30.25,1,117.98000000000025,877.25,995.2300000000002
30.26,1,87.72000000000024,907.8000000000001,995.5200000000003
30.25,1,57.47000000000024,937.75,995.2200000000003
30.27,1,27.20000000000024,968.64,995.8400000000003
30.28,0,27.20000000000024,968.96,996.1600000000003
30.28,0,27.20000000000024,968.96,996.1600000000003
30.27,0,27.20000000000024,968.64,995.8400000000003
30.27,0,27.20000000000024,968.64,995.8400000000003
30.28,0,27.20000000000024,968.96,996.1600000000003
30.29,0,27.20000000000024,969.28,996.4800000000002
30.29,0,27.20000000000024,969.28,996.4800000000002
30.3,0,27.20000000000024,969.6,996.8000000000003
30.3,0,27.20000000000024,969.6,996.8000000000003
30.3,0,27.20000000000024,969.6,996.8000000000003
30.3,0,27.20000000000024,969.6,996.8000000000003
30.3,0,27.20000000000024,969.6,996.8000000000003
30.3,0,27.20000000000024,969.6,996.8000000000003
30.29,0,27.20000000000024,969.28,996.4800000000002
30.29,0,27.20000000000024,969.28,996.4800000000002
30.28,0,27.20000000000024,968.96,996.1600000000003
30.27,-1,57.47000000000024,938.37,995.8400000000003
30.27,-1,87.74000000000024,908.1,995.8400000000003
30.27,1,57.47000000000024,938.37,995.8400000000003
30.27,-1,87.74000000000024,908.1,995.8400000000003
30.25,1,57.49000000000024,937.75,995.2400000000002
30.23,1,27.260000000000236,967.36,994.6200000000002
30.25,0,27.260000000000236,968.0,995.2600000000002
30.25,0,27.260000000000236,968.0,995.2600000000002
30.25,-1,57.51000000000023,937.75,995.2600000000002
30.25,0,57.51000000000023,937.75,995.2600000000002
30.23,-1,87.74000000000024,906.9,994.6400000000002
30.23,-1,117.97000000000024,876.67,994.6400000000002
30.23,0,117.97000000000024,876.67,994.6400000000002
30.25,-1,148.22000000000025,847.0,995.2200000000003
30.23,0,148.22000000000025,846.44,994.6600000000003
30.23,0,148.22000000000025,846.44,994.6600000000003
30.23,0,148.22000000000025,846.44,994.6600000000003
